 1.10006e+07     -65.1124      1499.54       989713       521926     -52000.5      94408.2      49789.9     -4657.26 -1.02432e+06     -360.517      139.578     -1.65855      5088.19      215.952 -1.09494e+07       531.67      23535.8      -989713      -521926      52000.5     -1944.26     -1028.93     -200.895
    -65.1124  1.10006e+07      1599.14      -522399       989441      3462.34     -49845.7      94400.1      2358.32      361.095 -1.02432e+06      1188.38     -5088.08     -1.83471     -256.519     -555.371 -1.09493e+07      38133.6       522399      -989441     -3462.34      1040.58     -1961.47     -2034.85
     1499.54      1599.14  1.09646e+07     -12476.1      54815.4     -509.407      744.455      5908.35     -41.3428     -136.062     -1188.73 -1.02435e+06      -218.79      255.609     -0.26493     -21499.4     -36973.9 -1.09643e+07      12476.1     -54815.4      509.407     -1910.03     -787.221     -6.24855
      989713      -522399     -12476.1  1.59897e+08      70.3077      1590.82   7.2937e+06    0.0411282      40.6368     -2205.75      1173.51      229.982     -7624.86     -14514.8      269.498      -979679       516989      94517.2 -1.59897e+08     -70.3077     -1590.82  7.64466e+06      6.51409      107.985
      521926       989441      54815.4      70.3077  1.59897e+08      908.769      3.58794  7.29371e+06      35.1946     -1172.69     -2207.25      -138.56      14513.2     -7622.07      151.127      -516290      -979001     -73458.9     -70.3077 -1.59897e+08     -908.769      2.99878  7.64465e+06      49.7172
    -52000.5      3462.34     -509.407      1590.82      908.769  1.59919e+08      25.2415     -7.27096  7.29431e+06      249.063      130.221     -1.37233     -7.27223      299.058      16433.3       110579      57968.8      788.733     -1590.82     -908.769 -1.59919e+08       123.46       92.186  7.64609e+06
     94408.2     -49845.7      744.455   7.2937e+06      3.58794      25.2415       442272    -0.134824      4.30002     -12.4193       7.1527      10.2123      4427.93      8391.95      68.8318     -5091.53      2676.19      4265.12  -7.2937e+06     -3.58794     -25.2415       239142     0.469421     -1.94188
     49789.9      94400.1      5908.35    0.0411282  7.29371e+06     -7.27096    -0.134824       442273     -3.28576     -6.98782     -12.3643     -2.33335     -8391.65      4428.36     -77.0337     -2666.99     -5058.36     -448.072   -0.0411282 -7.29371e+06      7.27096     0.139497       239142      2.60693
    -4657.26      2358.32     -41.3428      40.6368      35.1946  7.29431e+06      4.30002     -3.28576       442357      5.38638      7.98463    -0.171083       101.19      25.0403      -9493.4      2394.08      3605.88      13.7742     -40.6368     -35.1946 -7.29431e+06    -0.499921      6.57443       239114
-1.02432e+06      361.095     -136.062     -2205.75     -1172.69      249.063     -12.4193     -6.98782      5.38638      95700.3   -0.0519336     0.102381  -0.00526224      9.57101     0.589051  1.02441e+06     -414.533     -1964.06      2205.75      1172.69     -249.063     -193.653     -102.571      17.8824
    -360.517 -1.02432e+06     -1188.73      1173.51     -2207.25      130.221       7.1527     -12.3643      7.98463   -0.0519336      95700.3      0.19105     -9.57363    0.0166679    -0.269738      409.648  1.02441e+06     -2317.55     -1173.51      2207.25     -130.221      102.483     -193.848      4.18127
     139.578      1188.38 -1.02435e+06      229.982      -138.56     -1.37233      10.2123     -2.33335    -0.171083     0.102381      0.19105      95700.5    -0.365228     0.136507   0.00703898      1966.23      2325.83  1.02435e+06     -229.982       138.56      1.37233      11.2738     -10.6117    0.0428727
    -1.65855     -5088.08      -218.79     -7624.86      14513.2     -7.27223      4427.93     -8391.65       101.19  -0.00526224     -9.57363    -0.365228      958.031   0.00150924   -0.0456902     -2.32616     -4295.89     -253.067      7624.86     -14513.2      7.27223     -5140.29      9747.54      -101.87
     5088.19     -1.83471      255.609     -14514.8     -7622.07      299.058      8391.95      4428.36      25.0403      9.57101    0.0166679     0.136507   0.00150924      958.029   -0.0266501      4295.77     -1.51783      117.625      14514.8      7622.07     -299.058        -9748     -5140.45      2.89919
     215.952     -256.519     -0.26493      269.498      151.127      16433.3      68.8318     -77.0337      -9493.4     0.589051    -0.269738   0.00703898   -0.0456902   -0.0266501      958.686      261.329     -125.243   -0.0104855     -269.498     -151.127     -16433.3     -43.6538      91.1528      11028.7
-1.09494e+07     -555.371     -21499.4      -979679      -516290       110579     -5091.53     -2666.99      2394.08  1.02441e+06      409.648      1966.23     -2.32616      4295.77      261.329  1.09905e+07      2.68023      195.672       979679       516290      -110579       -86435     -45567.4      7936.75
      531.67 -1.09493e+07     -36973.9       516989      -979001      57968.8      2676.19     -5058.36      3605.88     -414.533  1.02441e+06      2325.83     -4295.89     -1.51783     -125.243      2.68023  1.09904e+07      1812.75      -516989       979001     -57968.8      45623.6     -86404.9      1809.86
     23535.8      38133.6 -1.09643e+07      94517.2     -73458.9      788.733      4265.12     -448.072      13.7742     -1964.06     -2317.55  1.02435e+06     -253.067      117.625   -0.0104855      195.672      1812.75  1.09646e+07     -94517.2      73458.9     -788.733      4565.15     -6414.83      59.9132
     -989713       522399      12476.1 -1.59897e+08     -70.3077     -1590.82  -7.2937e+06   -0.0411282     -40.6368      2205.75     -1173.51     -229.982      7624.86      14514.8     -269.498       979679      -516989     -94517.2  1.59897e+08      70.3077      1590.82 -7.64466e+06     -6.51409     -107.985
     -521926      -989441     -54815.4     -70.3077 -1.59897e+08     -908.769     -3.58794 -7.29371e+06     -35.1946      1172.69      2207.25       138.56     -14513.2      7622.07     -151.127       516290       979001      73458.9      70.3077  1.59897e+08      908.769     -2.99878 -7.64465e+06     -49.7172
     52000.5     -3462.34      509.407     -1590.82     -908.769 -1.59919e+08     -25.2415      7.27096 -7.29431e+06     -249.063     -130.221      1.37233      7.27223     -299.058     -16433.3      -110579     -57968.8     -788.733      1590.82      908.769  1.59919e+08      -123.46      -92.186 -7.64609e+06
    -1944.26      1040.58     -1910.03  7.64466e+06      2.99878       123.46       239142     0.139497    -0.499921     -193.653      102.483      11.2738     -5140.29        -9748     -43.6538       -86435      45623.6      4565.15 -7.64466e+06     -2.99878      -123.46       475060     0.140028      12.0341
    -1028.93     -1961.47     -787.221      6.51409  7.64465e+06       92.186     0.469421       239142      6.57443     -102.571     -193.848     -10.6117      9747.54     -5140.45      91.1528     -45567.4     -86404.9     -6414.83     -6.51409 -7.64465e+06      -92.186     0.140028       475060      2.03854
    -200.895     -2034.85     -6.24855      107.985      49.7172  7.64609e+06     -1.94188      2.60693       239114      17.8824      4.18127    0.0428727      -101.87      2.89919      11028.7      7936.75      1809.86      59.9132     -107.985     -49.7172 -7.64609e+06      12.0341      2.03854       475222
