jacobi 0:  

   -0.999998 -4.09274e-05  -0.00205426            0            0            0
 4.79691e-05    -0.999994  -0.00342796            0            0            0
   0.0020541   0.00342805    -0.999992            0            0            0
           0    -0.916741   -0.0469601            0            0            0
    0.916741            0    0.0385481            0            0            0
   0.0469601   -0.0385481            0            0            0            0
           0   -0.0439014  -0.00187876     0.454616    -0.890688           -0
   0.0439014            0   0.00222805     0.890688     0.454616            0
  0.00187876  -0.00222805            0            0           -0           -1
jacobi 1:  

         0          0          0
         0          0          0
         0          0          0
  0.454616  -0.890688         -0
  0.890688   0.454616          0
         0         -0         -1
 0.0424725 -0.0832125         -0
 0.0832125  0.0424725          0
         0         -0  -0.093425
jacobi 2:  

   0.0934248  3.69518e-05  0.000179361
-3.74097e-05    0.0934247  0.000211901
-0.000179274 -0.000211981    0.0934246
-1.33096e-05    0.0372556   0.00226045
  -0.0372534 -1.28418e-05  -0.00117917
 -0.00228211   0.00117053 -3.74059e-07
-3.54728e-07    0.0011498  4.43016e-05
 -0.00114975 -3.69687e-07 -8.30647e-05
-4.47518e-05  8.27933e-05 -3.27457e-08
jacobi 3:  

           0            0            0
           0            0            0
           0            0            0
    0.093425  3.28786e-05 -2.97609e-06
-3.29152e-05     0.093425 -9.23486e-05
 2.94038e-06  9.23438e-05    0.0934249
  0.00436412  1.36645e-06  8.18526e-07
-1.36612e-06   0.00436412 -2.29055e-06
-8.19625e-07  2.29011e-06   0.00436412
jacobi 4:  

        1         0         0         0         0         0
        0         1         0         0         0         0
        0         0         1         0         0         0
        0         0         0         0         0         0
        0         0         0         0         0         0
        0         0         0         0         0         0
        0         0         0 -0.454616  0.890688         0
        0         0         0 -0.890688 -0.454616        -0
        0         0         0        -0         0         1
jacobi 5:  

        0         0         0
        0         0         0
        0         0         0
-0.454616  0.890688         0
-0.890688 -0.454616        -0
       -0         0         1
        0         0         0
        0         0         0
        0         0         0